15401
64724
44892
44018
62371
76395
14591
60812
72801
14574
64729
109926
11320
87643
8958
11393
14620
87088
138
81537
27943
14586
14624
25825
79349
16564
109314
81539
16549
16554
61616
20199
81533
663
4783
71573
4749
27949
14556
719
16584
20545
16544
81555
27954
103139
15705
64957
97933
4887
20701
13487
14664
16617
81545
81557
95654
13506
86998
153799
70065
5349
111318
18951
9148
87467
154121
20535
14561
26650
80499
14650
90903
81551
81546
14647
60656
14634
45259
59927
45240
191183
110541
14630
16600
100191
16622
96559
16496
13916
25832
17229
16560
150773
31816
16629
100476
28560
20684
27992
64818
16568
14655
80607
111442
61128
16571
111436
11723
14598
25865
154235
16487
61603
69780
56905
81558
109780
14572
144361
16146
19339
28849
