23119
863
145241
119521
887
8980
874
14475
146701
5848
90048
151507
86385
118577
44017
68792
59967
151527
100858
59867
186128
120163
64715
57163
879
7634
151532
138
151529
151530
118671
68388
87008
70065
133605
2144
120081
893
209969
54745
70374
105101
2122
27992
49651
69041
8678
151528
30701
32630
2171
74699
151535
17229
43145
129639
18307
111381
877
100489
94127
65937
151531
8983
158749
2111
14309
184293
81564
110527
73669
111453
152747
151534
7503
71971
2895
23773
151533
50187
121377
60755
4092
196282
46327
11371
59455
2162
152639
26082
186122
151108
49714
185185
66108
70037
84088
185779
157160
7633
21937
7030
72398
158750
61942
18298
90894
8971
13732
158748
14767
20523
120296
109228
27163
25183
20529
146645
66207
8097
25872
68407
12402
111649
97292
17257
89524
10946
46393
183277
69538
122230
122114
10035
64463
2114
35269
2132
24661
17394
81533
24800
3117
183293
97291
9006
45829
186140
212760
15542
44831
150830
186175
118694
27927
152666
152649
151424
64724
93737
57215
118662
105462
76571
68041
143097
158752
201806
55494
28849
87005
62393
186148
77328
64729
160226
65170
65925
94607
12178
15721
73648
151536
60239
121230
13797
80072
39691
8996
111623
15720
145906
68433
121909
143118
20170
70551
186155
25966
5349
68994
69533
40549
22698
186166
18947
90062
94144
68685
104031
23632
150429
65845
13636
25396
26577
7755
130520
26615
111669
61616
86985
186164
68784
18666
8993
146998
55692
152643
28143
186137
46321
65868
109647
22393
64740
8975
50109
40773
894
150406
143087
186316
149025
81574
109926
13343
81572
897
82592
193333
56905
186120
186170
108583
109358
4770
43101
29151
60809
16545
106557
147223
153705
24906
63449
22708
107862
127872
104832
56037
182513
186172
152642
113705
49661
7622
200684
144857
198948
119395
60294
17558
61652
186169
75957
24601
16659
27959
180711
117526
73054
16560
88463
3183
2937
60869
32753
64754
186121
86993
143117
9098
884
74110
149147
127644
100060
147207
148301
20730
18978
122060
22674
64476
3767
147210
86996
109693
13763
29169
191454
102693
17444
192691
152647
25201
149149
16633
13112
65848
109665
72353
16495
182304
105417
36508
883
50850
59752
186119
87001
159696
94239
84285
147214
185850
184096
25865
35723
186081
147208
68704
93780
60998
186135
86451
44508
34299
109142
58360
154022
186130
37741
87630
70218
118576
24778
94841
25731
72801
24794
18975
94527
20248
16492
12007
24728
186123
146442
188923
159882
183278
49108
159083
6054
109896
16568
107938
109780
186159
16733
91415
152645
208330
143091
183017
84318
186139
186142
5781
71564
101763
100817
76279
192411
193926
20543
8209
100061
12530
127877
79221
80567
65912
29165
151437
16488
108949
72728
26999
118704
144361
16485
68713
186138
147133
143084
29173
110767
58984
217140
72399
143112
149509
111617
149244
151912
28154
113101
109666
143098
26236
4212
75538
186145
22744
150777
61608
20473
71771
122130
5513
84425
149041
114954
100476
149265
186160
88533
149152
148492
10433
186147
44419
72396
146272
127879
55882
58232
223264
110242
186158
68693
869
50522
186157
57652
186167
119399
94244
23555
143094
93281
50669
21628
4089
15716
79009
238272
20199
149158
41211
186156
6005
186144
876
150784
127880
133142
26993
68702
150778
3137
147215
14624
895
20162
14763
87088
152644
127878
22732
52180
186143
198864
65328
145856
68688
148505
39560
185225
16571
155587
127876
50276
16564
73434
86238
38445
66824
39789
12769
27995
186168
60482
79223
81535
150781
150785
86999
186165
109667
34620
191564
50385
159885
117366
152648
75539
22718
22711
118613
159751
152650
27309
26581
147216
143081
143110
49288
127865
149225
155677
204583
35180
79082
156016
109648
127857
186125
108944
192875
149150
23620
73419
43169
64818
103139
115638
143119
59002
9402
117563
111862
113358
152640
149998
13656
16487
86968
116136
109669
144725
61672
143095
45686
147222
69009
215012
100342
184372
14620
117700
29401
148496
147197
7276
217139
22737
217675
152646
84065
111318
20545
44742
20535
158988
44414
60008
204586
113442
44564
154289
17575
181478
150894
113502
22725
180641
34350
109655
149029
80099
149157
27764
97933
143104
144373
186146
4887
143111
150782
181702
81150
127868
189752
81537
7575
4544
4783
113424
81557
109671
186124
4486
217541
147673
159883
111645
143082
79922
3764
126215
44542
159070
93394
101773
873
14050
150238
135427
143107
50859
87033
149151
148503
143116
100191
158687
147217
36261
76299
126219
149248
49452
75211
58621
14598
143113
180722
48922
186127
45888
184674
149159
149226
20701
147212
117753
80048
152699
204587
182684
81545
80047
28710
150780
45948
25208
12578
185828
46078
18482
145957
143085
186162
228934
86998
45285
68694
149251
62309
14586
146953
61764
186177
72306
8650
8676
59891
64379
48532
113279
13487
193750
68698
154274
76267
25192
127871
9015
95856
25778
20530
20579
143086
127875
111957
236251
186118
22740
150779
127863
186161
48337
48848
59927
154498
45240
111582
39542
74884
45277
133651
16584
153799
190579
143083
186149
25198
17645
23661
22729
104069
147211
100026
149153
192876
127866
109418
143106
191958
117299
113387
18480
143100
117557
29154
108947
148495
22722
86735
44412
30490
79469
148498
212135
112288
86233
57048
149219
27391
148472
81546
62227
143092
154281
14556
85837
144856
117991
61837
44034
14968
81539
25189
16544
192469
149228
148493
143109
45784
29175
149045
89510
148502
83621
126220
150783
96559
49291
4796
22715
121236
97689
150246
120639
156019
878
14170
84705
59309
57191
180521
78795
50853
9672
113426
25186
186176
49284
157007
61665
143103
53058
41780
204584
22735
83159
95838
204589
143105
16542
44570
14634
34497
45792
46913
159745
3546
143102
152696
143115
65290
60553
182126
63188
151633
143079
149237
180640
16554
186163
217131
45557
124154
29301
149262
84346
136977
84298
26819
148491
29434
34531
75120
59823
187091
45215
45215
39554
180709
8669
153993
32738
149030
23348
36790
152839
24905
108945
117916
57050
4562
81509
64449
47582
113756
152697
100451
27027
7680
7951
220527
85963
100086
36743
118012
113428
149160
57051
109656
143089
57049
84300
143108
87000
48451
74099
126217
147198
159743
8271
16579
91573
39262
23691
149249
149255
149148
45179
95654
149156
107325
117994
109314
24923
30828
46917
45193
243516
235653
147219
51541
148497
153836
71962
45190
109670
16340
24543
4758
29437
152058
79108
63458
207555
81505
115540
91361
85863
44416
117993
27943
85307
146282
50855
180636
149146
202357
102694
127113
81540
159809
148789
147220
81566
141433
69029
