64729
138
70065
90899
27992
13763
71573
17229
4749
159721
90333
14309
7503
80499
121377
68705
191183
30732
26650
151108
118283
84088
13506
111326
31816
75284
111442
663
13753
90894
8971
13732
120296
159722
45259
71562
25872
145807
97292
17257
59908
122230
121628
64463
118979
69774
64724
105462
201806
72191
67170
55494
28849
117700
87440
44018
60239
39691
65215
13534
145906
121909
70551
63085
5349
60656
76395
40549
61603
152342
46321
40773
81574
111478
65709
81572
56905
78000
16545
106557
11393
107862
22732
55814
18667
60294
75957
16659
150773
117526
8958
76002
60053
719
35853
64476
68517
16649
69780
25865
25845
154022
20684
27962
72801
14796
13916
47171
110879
16568
109780
9320
71564
144361
152712
110761
122130
29392
100476
111436
14686
110661
90316
87643
4939
64479
20199
6005
69998
14624
87088
14572
111902
16571
79349
16564
48773
25812
154235
81535
191564
26693
154121
11723
39068
105316
44017
80607
15401
33086
64818
103139
69852
65811
28560
16487
14620
30928
111318
20545
9148
14574
20535
61128
111551
41315
27764
97933
4887
18901
81537
4783
81557
90903
80594
62371
75507
100191
15705
14598
44892
20701
90326
81533
133719
25801
81545
84076
86998
14655
81558
14586
16549
14561
105461
13487
20530
59927
45240
58999
66144
16584
153799
80604
153798
6727
109418
81551
81546
11320
14556
81539
16544
81555
68369
96559
25825
14664
14650
53058
59944
16542
14634
18951
16554
30361
64957
61616
16146
153705
109926
36678
87000
16579
95654
25832
109314
110982
16629
7988
73054
68365
87467
14591
191567
14594
27949
27943
81540
20556
16560
27954
110541
52146
133862
14630
16600
110867
16622
42949
16617
204686
212301
68362
18743
81561
111062
16643
81552
60812
81548
19339
16633
72187
153797
11312
100026
16496
20534
37741
16648
8360
9510
44852
33212
72180
14647
110798
12888
79586
233334
25793
34461
58984
66151
94241
16590
58992
72185
80438
59979
45838
59976
188629
47640
111630
52180
20543
120672
59006
16464
16449
256797
253608
261781
229059
229060
278651
